7004480126
7021209724
7218576564
7359800022
7392057208
7410139902
7415466481
7577849280
7588221124
9611645137
9730364597
9790032788
9820213182
9827314380
9842434034
9843703924
9846630777
9976464354
8511007572
8719073724
9893693363
9959191560
9119419094
9148898164
9168564126
9270311789
9322547625
9372937627
9424925898
9444147992
9537804410
9555871488
9763522061
9770537848
9770913093
9860208377
9880098799
9889231046
9889947533
9907317689
9913067081
9996823088
9182319144
9307643552
9587663771
9611645137
9730364597
9790032788
9820213182
9827314380
9842434034
9843703924
7620634617
7666917289
7803899441
7891546355
7999641966
8007235123
8097225081
8238210055
8989152676
8989601909
9000602983
9016199970
9035796532
9039198091
9039979489
9039994211
9052003562
9060859561
8980020033
7478743616
7564933217
7566679551
7610754903
7611159493
7617341206
7625892096
7639334788
7679716447
7697682175
7709984704
9507614408
9512318374
9516538703
9529678101
9539534014
9546217130
9546981338
9574814866
9575260335
9586298286
9650145607
9656209891
9720653980
9755797242
9755975539
9763522061
9770537848
8817354764
8825922389
8849104338
8855068436
8871593393
8883933888
8951970746
8971579476
8982614974
8989052292
8989152676
9900566592
9900990048
9929335864
9930181028
9952396341
9975824786
9979956077
9980199018
9981921433
9983109690
9642110587
9653509774
9661661101
9662644827
9664766515
9665222873
9677707693
9691074391
9691185711
9691822992
9389654143
9406513243
9424925898
9445346475
9458996833
9466610730
9479509360
9479623824
9479878011
9500747874
7027015202
7032189080
7037712345
7041069351
7041075344
7049056063
7067035661
7223039463
7241143098
7387800905
8224003496
8250094414
8252481498
8269466147
8320678884
8347984503
8377928727
8446141339
8517863653
7803899441
7828965324
7891627424
7907993787
7909662135
7970026515
8000997635
8072828499
8074210230
9768849444
9770913109
9770913165
9771665771
9773000143
9773093244
9773115295
9786378563
9788212413
9791524563
9800099908
9840905952
9845620046
9846357571
9853726170
9867141276
9867670181
9867813268
9873693790
9880224519
9881489089
9884626785
9586358927
9589057036
9589824628
9616003985
9619774527
9623348585
9624227882
9624745604
9630880342
9637384139
6261718415
7004132646
7016005964
8605589523
8617630033
8637543674
8651347447
8667295201
8740089125
8758878279
8789541007
8800194243
8800673157
8248978949
8284874349
8800768176
8814845600
8999461736
9140891251
9414102003
9415015194
9538057400
9106076348
9108292958
9135491341
9140518262
9162615557
9171173351
9174106507
9174942798
9182026005
9235387019
9258260218
7415466481
7415471523
7478743616
7564933217
7566679551
7610754903
7611159493
7617341206
7625892096
7639334788
7679716447
9828757583
9829630124
9833722728
9834064881
9835658751
9838008263
9838746582
9840080822
9842703011
9755582100
9763920038
9777666149
9785792008
9791881277
9813368952
9820408670
9821708671
9822013439
9826459123
9980199018
9981921433
9983109690
9987570637
9988136383
9993116878
9993798932
9993858678
9706014143
9712502905
9713309965
9714903519
9731024397
9739599475
9740083545
9751780262
9752844798
9754621196
9726764108
9770007431
9790962604
9813920799
9841287056
9844365300
9929106179
9947984750
9986066413
9591103350
9608081839
9634359190
9645865145
9662053144
9676896767
9678073881
9734000835
9744773335
9747110116
9016963853
9106757328
9150011204
9150376648
9217595230
9444268909
9447327678
9505270348
9549452333
9589095790
7737190179
7747066698
7757980607
7773061853
7803899441
7828965324
7891627424
7907993787
7909662135
7970026515
8266990015
8329116585
8538933107
8738095714
8767932580
8975291127
8979961112
8980050085
9021598876
9092537319
9884332951
9890530246
9890933456
9894044333
9894046316
9894447744
9895325033
9910041716
9926398300
9927374532
7643884987
7778021564
8146950600
8801106012
8805777255
8879057671
9000900011
9028692641
9033667792
9034234710
7408594555
7992202507
9413047817
9415190730
9431456435
9572675815
9845127902
9860119575
9864065866
9875075161
9879399884
9880500002
9884121565
9884203089
9320821642
9357866666
9377150443
9413378970
9446541981
9626722464
9686663740
9723106542
9784547801
9067020034
9164128666
9176107815
9252693193
9269003550
9282192829
9322333311
9322359936
9341381474
7845246737
7904715228
7972128887
7999080017
8000008717
8012899432
8015796157
8056218922
8057096660
8900719741
8939355355
9328814460
9419222328
9645694848
9755261666
9811533888
9841658196
9960199709
7087228700
7306826820
7418410908
7676312890
7698875401
7708330379
7845246737
9929338888
9929385258
9929924446
9930981073
9935728390
9940084191
9942577746
9944998885
9948496500
9950928423
9811942018
9821193935
9844429007
9845047158
9872458053
9899103047
9980733309
9981901807
9982609479
9986327530
9760718405
9763309881
9819676370
9821275554
9825512523
9848370465
9879240526
9897455030
9974579479
9983576864
9954907610
9958585883
9963047865
9963917649
9966666839
9974008484
9974019861
9980819902
9990006643
9784547801
9825224556
9829024362
9875040897
9875696303
9896529201
9911774999
9947252570
9981088054
9605044946
9713426348
9717067692
9726764108
9770007431
9790962604
9813920799
9841287056
9844365300
9345130089
9370216253
9371266356
9425025859
9438320351
9440125132
9441207206
9441419632
9447723323
9470018382
9963917649
9966666839
9974008484
9974019861
9979045645
9980819902
9990006643
9994256994
9999662250
9033667792
9034234710
9050999957
9416159447
9420079501
9640919311
9666319411
9730070018
9742603188
9760718405
8125791791
8208341863
8320891578
8349371908
8595863734
8660155806
8682061317
8928856373
8979961112
8980020033
9600031781
7043682312
7060652012
7389130621
7581872582
7715936755
7984053505
8248978949
9447723323
9470018382
9486136769
9487293296
9490528446
9524383194
9543577042
9558037210
9587066676
9591103350
8810255675
8904133049
8925613845
8954778899
8959691142
9013609546
9034050895
9035301400
9042132066
9794764800
7401828306
7604928182
7667029525
7825943686
8056240696
8056885943
8302455835
9033978951
9228228784
9790030074
9866148500
9898242492
9029049298
8870988501
9841853577
9885529099
8110805259
9873106618
9790228765
9924965009
9654106631
9160016186
8124696158
8225063245
8459799444
8680833448
8741882781
8755574849
8779486273
8788004165
8790636286
8810255675
9892004419
8602011500
8959459034
9865273270
8970683737
7836001071
9669330663
9417632909
7772005215
7028256568
7748844464
7990519360
8983314023
9028735213
9100876984
9312694441
9315115417
8955110333
9391496157
9206617725
9811611001
9993086289
9810666199
9781601843
9320098100
9443355395
9434256620
9651274473
9890018189
9494991234
9719320130
7904391439
9509578140
9314711950
8200327101
9382665006
9987979242
7749010771
9826604187
9687020630
7070549454
9981088141
7399430678
9814224651
9039127547
9892928661
9782074353
9687608785
9406511589
9752412575
7974353624
7399430678
9814224651
9039127547
9892928661
9782074353
9687608785
9406511589
9752412575
7974353624
9413916758
9413916758
9479725180
8094824545
9998727175
8668690822
9352230840
9945012516
8764205214
8094824545
9929170741
9335217214
9752412575
9406511589
9406511589
9039127547
9096000381
9999646726
9558151302
9600443377
8507333634
9899425559
9600889951
9600055288
9461323580
9940473390
7275532994
8955110333
9391496157
9206617725
7429634861
9638228232
8777806217
9600053485
9623628862
8148141218
8168849887
9969136551
9870856749
7017367809
9843661689
9829123589
9666959697
9892565085
7569707007
8930630542
7666946383
8447991360
7010116687
9030021111
9671338138
9092663999
9824657066
9352230840
8080606020
9829021619
9849058106
9849058106
9682657567
8962263031
9829040826
9902282525
9148905118
9871847273
9828885879
9970333999
8108979951
9597407088
9204667310
9944531876
9602792583
9895409895
9524502805
9944380236
9086049844
9827552633
7017367809
9300936384
7399430678
9970937282
9872458053
7814575009
7814575009
9872458053
9872458053
7814575009
7814575009
9872458053
9752412575
9406511589
9406511589
8080023839
9039127547
9440301341
9723796777
7898214931
8090767574
9791011198
9663071050
9826076586
9582933207
9009570175
9618793700
9618793700
9827022666
7569622133
7870617991
9986327530
9413916758
7643884987
9034234710
9658463803
8128650130
9825512523
9392462742
9371420009
9460156091
